0 0.428515625 0.2701388888888889 0.09765625 0.13194444444444445
0 0.462890625 0.3479166666666667 0.11015625000000001 0.15694444444444444
0 0.5710937500000001 0.3284722222222222 0.1234375 0.15972222222222224
0 0.780859375 0.2590277777777778 0.07265625 0.07916666666666666
0 0.7269531250000001 0.23472222222222222 0.04296875 0.05
0 0.458984375 0.15486111111111112 0.032031250000000004 0.07916666666666666
0 0.694921875 0.8305555555555556 0.22109375 0.33611111111111114
0 0.800390625 0.7083333333333334 0.09921875000000001 0.3611111111111111
0 0.930859375 0.8375 0.13671875 0.3194444444444445
0 0.973828125 0.5437500000000001 0.05078125 0.29305555555555557
